image: RCGO2011_Hector_Mission5_2.pgm
resolution: 0.050000
origin: [-19.225001, -19.225001, 0]
negate: 0
occupied_thresh: 0.65
free_thresh: 0.196

